.Random.seed <-
c(403L, 45L, -1784013941L, -467043479L, -935004872L, -920905754L, 
-737710207L, -153450733L, -1801121598L, 337849204L, -964847753L, 
797749357L, 215584516L, 140316202L, 319284117L, 1096575023L, 
1154507062L, -200294048L, 736550819L, -67311423L, 383604912L, 
1472178126L, -227181767L, 711807819L, 1886701818L, 254251516L, 
501084735L, 1132615445L, 27337772L, -2111382270L, 90486237L, 
-944044841L, 1159393214L, 1395460600L, -1207652901L, 315163705L, 
-1177655928L, 1110044982L, 426494833L, -1019893341L, -1470901006L, 
2026817604L, -1768854777L, 112421597L, 72446932L, 179483386L, 
-530094523L, 1625538207L, 331891750L, -1620791120L, 1276684627L, 
1570157681L, 1085893024L, 615228734L, 821027913L, -2143293189L, 
483506378L, -729801172L, -1021615569L, 1191172837L, -2145484900L, 
-1077683726L, 876639341L, -502671961L, 1894186958L, -1986421464L, 
1322876715L, -1231067831L, -1437726120L, 1697432326L, 1993699041L, 
756787827L, 1772622562L, -2060300716L, -718809257L, 26323789L, 
1874910948L, 149167818L, 874864437L, 1367070095L, -1178774890L, 
1251732032L, 976993027L, 1027066657L, 688860176L, -1739744274L, 
922749849L, 1259754539L, -2022420198L, -1067949092L, -956185121L, 
1585295797L, 1180426060L, 1894839714L, 1855706365L, -279234057L, 
-1530267874L, 719817176L, -2019204293L, -271907623L, 1516783720L, 
-343335530L, 1674511633L, 1766811331L, 850814674L, -1553047708L, 
-885726553L, -110638083L, 152714740L, -513893670L, -945480667L, 
-1240297153L, -1287878970L, 844729168L, 769749875L, -1285298799L, 
322512832L, -911060578L, -600171671L, 2074316699L, 2079422122L, 
-1151090484L, -1426800241L, -696248891L, -1916520068L, 465275346L, 
1463579981L, -805083129L, 700958702L, 1792143048L, -452984373L, 
1096971305L, -539991432L, 230903718L, 629426625L, 1035763283L, 
528979202L, 1995707444L, 181200311L, 756943277L, 231590596L, 
2134593258L, -1260756651L, 153196271L, -214948618L, -418909152L, 
749168099L, 138368641L, 393519344L, 1784242062L, -418926343L, 
-2092156277L, 1823054522L, 1695929788L, 2066923263L, -1665355179L, 
-2037938836L, -826389054L, 1409068573L, 727135895L, -82116610L, 
2111204280L, 725436315L, -1616417287L, 1149676872L, -108926858L, 
719132081L, -2073027613L, -1907283790L, 1223902468L, 777995847L, 
1545703709L, 168009620L, -1851129030L, -594817147L, -1153672097L, 
1337333478L, 73178480L, 677979795L, -1586593999L, -1767324192L, 
1322623614L, -1148874487L, -895536325L, 1713703690L, -1451146516L, 
656457583L, 160424101L, -57816484L, 138537522L, 477774125L, 1847183335L, 
-1342648562L, 746643688L, 217551595L, -1411400823L, 1151493912L, 
-499750330L, -17659231L, 1343286579L, 140424354L, -734872684L, 
122716695L, -1242036723L, -164846812L, 1423286026L, 1201943157L, 
-1911901745L, 1908046550L, 1560256128L, 1360232643L, -219062687L, 
1833637584L, -1968852946L, -323373607L, 228870635L, -120243110L, 
-1284135396L, -146782433L, 2098518901L, -1682357748L, 2147193826L, 
1229996221L, -884478153L, -1798055970L, 2021336344L, -220362629L, 
-248926695L, -1503869272L, 1720025952L, -1028446238L, 227962792L, 
-1875542836L, 1724526076L, -73233486L, 600500720L, 1699211716L, 
825749848L, 686581114L, -39652944L, 1560170428L, -659984300L, 
11355074L, -1534008288L, -883422020L, -1907463600L, -1972432926L, 
-761645464L, 855444044L, 1305166076L, 2050322418L, -418677504L, 
1787828084L, -930684920L, 44406202L, -1396613680L, -1855618068L, 
-1411440748L, -890803246L, -1883277472L, 1738511692L, 12369184L, 
1082102658L, 2036345576L, 1197405420L, -1323910596L, -1803068558L, 
841575024L, 1671628836L, 94254904L, 1525939354L, -1594281264L, 
1924653244L, 1255777940L, 1010124418L, -266609472L, -1247342276L, 
-1703386992L, 1081956898L, -957688312L, 1870680332L, -2010365284L, 
-1242145262L, -91034240L, -461050348L, 1045227048L, 742069562L, 
1460733904L, -700628372L, -2026936524L, -103050606L, -1780745888L, 
-299777716L, -1872306208L, -1962078L, 1367422888L, 1812609932L, 
-394012996L, 1478908786L, -2005358352L, -848766908L, 739745112L, 
750535738L, -996105360L, 1967170620L, -1737237740L, 727976386L, 
1723183328L, 797288316L, -212275504L, 2065909410L, -954178520L, 
-1279260404L, -1916886084L, 2047307058L, 2109022144L, -386641356L, 
475909064L, 875087034L, -314773616L, 2084423148L, -343752620L, 
-1398141294L, 1654602528L, 1292205516L, 899394528L, -1183722814L, 
-973657560L, -462659924L, -1728220484L, 99246578L, -1022629584L, 
-268886876L, 359551672L, -1106039974L, -659165808L, -269229700L, 
359980308L, -809154238L, 174555904L, 705321916L, -112227504L, 
-608558814L, -1071444664L, -1801332724L, 352401500L, 1343837394L, 
-751616L, -998601900L, 1749823976L, -1230657542L, 246900432L, 
1952486700L, -1042687756L, -121219182L, -653521824L, 1892650252L, 
623011552L, 1834528098L, 1202389672L, 1453238860L, -1471477892L, 
935873330L, -39154064L, 1148968260L, -1073042472L, 1937727610L, 
-1526868432L, 1433459388L, 615970644L, 1261140546L, 2001329056L, 
-1017653060L, -1497599536L, 1664664930L, -1526012952L, 640714700L, 
1458603772L, -1776373774L, -1349452672L, 2108549364L, -2116569976L, 
-1908591302L, 847651664L, -1813369748L, -1379790700L, 1477273938L, 
873660128L, 612417740L, -1364862816L, -26338942L, -533096216L, 
-88274708L, -65796036L, -448307086L, 1897711728L, 1917018660L, 
-277085640L, 387848730L, -705462064L, -1275001284L, 465120404L, 
-2047261566L, -2008315968L, 446954812L, -607228272L, -167279582L, 
1393651720L, 854187148L, 794349596L, -1443146606L, -411161472L, 
-109820908L, -1298062552L, 607851578L, 1534561488L, 1025840236L, 
-1537571148L, 1017466898L, 1514299360L, 1526148044L, -1415750176L, 
-554886110L, -837540568L, -1760012020L, 1176104508L, 1500132594L, 
-1083823888L, -816388284L, -1162031016L, -123518406L, 937916656L, 
1059214012L, -2042922476L, -333910846L, -53877152L, 1219687804L, 
-1804831536L, -1405246430L, -1184929624L, -812462708L, 1237569980L, 
1557665842L, 55771968L, -900854092L, 1790337352L, 2032083642L, 
295993104L, 298017004L, -883382188L, -1330641134L, 162046368L, 
1075242956L, 1850277728L, -76817214L, 1991405096L, 307781274L, 
743564303L, 744235097L, 742362350L, 1741834108L, 1793061869L, 
701136023L, -482637984L, 258613054L, -715276277L, -1638119283L, 
-26635846L, -1634779144L, -1212122207L, -1284737709L, 138865780L, 
-666321406L, 66424983L, -1279499679L, -1173652826L, 355689124L, 
-1712052395L, -1428558849L, -371950952L, -1686446154L, -1806396349L, 
-2032595579L, 160208418L, -134509296L, 617733305L, -1518624405L, 
-1440755620L, 1531665802L, -974739073L, 936506569L, -192820898L, 
-1087444468L, 1121275357L, 2119308519L, -1203588848L, 832000046L, 
-819796261L, -1569775683L, -196953814L, 649047496L, -2125778191L, 
-807461789L, 1649813604L, -1456544878L, -628758425L, -553338831L, 
-1152857738L, -1514522988L, 1973009573L, -1815731793L, 1324923496L, 
915800646L, -1402787853L, 1228461909L, 413288754L, -744006400L, 
1995185641L, -1822545829L, 556464812L, -1974541126L, 511682159L, 
725398521L, -657548658L, -206316708L, -987654195L, -831563977L, 
211518912L, 1446095518L, -863943829L, -2059134227L, -142962854L, 
-312785896L, -1295367807L, 507787059L, -1817219756L, -2071304350L, 
-865879049L, -1908358079L, 1613131974L, -415482364L, -1453491787L, 
1735100063L, 1519732472L, 1499278038L, -2090811549L, -1308326107L, 
-1559790398L, -519669328L, 373281241L, 298737483L, -893643332L, 
8472042L, 1925726751L, -745641815L, 1419714622L, -292105940L, 
-202204291L, -1926630969L, 1400382640L, 109982414L, 387098619L, 
-213667747L, 1646450570L, 291428264L, 339729681L, 1177117699L, 
-1326461180L, -1385602254L, 1206223239L, -1020532783L, 1091553622L, 
740927284L, -65664443L, -1286637937L, 1618288648L, 2127954982L, 
1269538003L, 1961328181L, -1322994286L, -589313696L, 2140827849L, 
-167803909L, -987175988L, 1834589786L, -1141800113L, 534387225L, 
-434841554L, -870574532L, -132518995L, -1672526761L, -954289760L, 
-630633730L, -1578549L, -1272262707L, -1896430854L, 1473296696L, 
-76053791L, 1608582547L, 1525345716L, -1471942974L, -1494729001L, 
-981881055L, -1690597658L, 1845821412L, 806694677L, -525859009L, 
